98141
12378
097438808
19622038321
971830
67627
59529673298
08627
105224787337
48476
250459
37418877264
196869077
252366
98467858
2885
635208915090
6530196
9712988
8769395167
15530225921
5444811740
8996
731766024138
13010002594
5106766
84636770
751893069
6734
629357296230
869012080
55465013271
6275677307
49170018590
106381
55311
3896520099
176484833
8714
0552
38212732
379188
058927
747160621153
7199188
450321
32348
168233832
18820
294302354
293237
22133
516761161612
8886
6545839
830528695951
106070
8870
64158
5362
80153962231
41671159
115888
049173218
49966881064
6322
39757
2866
062104359
2228305
708316545410
831310
63417438
49014
1868
533914212
067575308
87200
91454
07967463
6269653
3282555
12934
792607316
589202
3906
257549883908
09757720606
864444
352321
767471
9594
017735556
0243929
20304
502264882204
4379074
357680788
359248311690
94597
616517
0004020365
9663
43340
002491147512
62196
05580304113
329658474681
4637
79008133725
1026
47763076
3228021321
7350886
339064
00835297577
195306480
693313836416
769245486966
18288858
651957178
82067
01948045
8526596
5627703
96925
102933
83905268
80892
333804694
372328488
896206873625
186202
54593989216
79311393
4843481
893372
6451765
67060878488
27990
22577
6981
56370
676884564
7877
5966
47581725
86827389
191614792031
3094855433
0653754
0233058650
30587
04791
606994174554
28535006
73588
8409613
278883152101
46597726762
7003771753
490272
923867193
6613
65501
63525
623728715608
194775
72037
7054350
338780652
00701612
24346857
245202748488
03578
258313152379
785854
547587528678
46298
132696
8494
09705
881287602
986052940512
1109423
571202
631916
103214158
29675937032
029081
9828223949
80907666490
9537940428
16756
6590987224
40967540
4545907301
38077629
0974560
895532131
54289763577
659998
88346389
4386023
50560632933
1909
857120407169
9539053148
07400672430
867497330258
409889921
0701991403
196940678
17999523
2626247
4228978746
967602900
293915074
999769523023
56095
8795
220664769
471724376
3846639
8117
335202944
80423065
55540
96350
2122
8987228
54560373256
4030250511
6833
156879
21863
8886100
460723564701
823039936
5958
079952753593
8686613443
71181539
4913
5106
900769
336647
86116123
16258
0649458003
97226430
434588
61164965
93310
42064596476
901520
27597
5537120
62361400
090974
899555332
27597731
32214447030
7515
1800
427722271
718414186
92773341
05461482
661718868
1320455142
8754
3326715851
75556
57332390
301050681775
419030626
63952158
002256121
516665375181
60673445
59671208240
04177317793
2318224829
7124108199
366636
601785288131
37534680156
926561
527067439
46442082
6768870042
7271139756
0673175816
52897633
0092075
26112344
70949634283
714022518
3075815
72489649
9782593
17829
374211015
4194900
43971667
565058
9994559701
264806
332989206276
1861
114528545
66895
643267438
578091120307
46476303
4257
944731
462440
1493
318929419831
079208360
63803
460289
3258918
2299126
4008503788
24577
41533455594
64736
53668591424
884103020029
768393
99134298
99865959
269015680
13660549543
217826422
529548
690290227
56603
5717627
963026361
21316
8628
39573991
826248
91739961768
5632243604
7413891810
730491614
453311205
2831830852
02395
5465841341
922832
870543037040
9045
582255316
8126514
53743483895
60239
31581825
201209
762459
703434061
58322593131
0844747814
04794522
119615293
049147
1829
78260959715
492934
816776933117
12518
359068
1289
02342180706
7520
5391195149
898604111477
33243629528
68204738064
084641923
9381798
29170095126
84214741
576306
190103747
441589658962
65867275583
3261
3874649600
63641789032
668971
9468618
0886909
1624
007297
3871798529
739737432698
4632190026
85032330
56367
3059841832
651465
74141449
1399083
41155624336
5481
700435978694
0266437
79500
251565851
253854
309732458720
4876418
977953
697066393097
226563822
92727
165848416
425519181
68181822
63218514423
28719
2394492
863221
177151
3673437984
3751552345
6177
66274961
17714422
419998224958
07133643012
441813195
5717289790
51696
18309728336
664670882
13795685
400293794663
9679
097811997
1108
3701
0150682040
38685
97802575613
06186605784
10276462715
677142
35574653
6148057
2127974
19158764
097025431669
280972848397
4032836
6761717
8620461
6289103
01295600877
311808852765
2407231
0559820284
87198173
55473161
355921872922
608843157982
01045
122734
688186604052
8685472
41214365762
503944242194
04883702
64724969653
579437
833645
358638
0520
51074309
326209318168
5541528
07382798
152813741
394298
3113715
592125047817
042458620008
060916996839
832914272916
202265857
800215
26778
5289
1090
835521850014
218684550
6192
908131110
94341903
88413374660
6357942966
6977
385549754
108446786
0560217
53678
20215008138
746180190391
4149121
591085254571
838475623
3093295697
1983446
5457619126
06486723807
64873881334
7090
424620916
775963882
44779
918157248
3075730
67049
1978872
0663186
8352477
696349418
90859165
90563599
561293469
6550832
606808923337
3233277902
57477
3328938
5637
916958426859
391002892
46979
846316
7827
2078498
1827327
4180819
100470404
4187287072
97189
114798
773710207
861890800
5124062674
7058
8455579902
6797
320729773
85080781402
81090138
1533933
87006942608
5588
362027674
1636397717
37271
05525025
3052
503896141
01845300144
1182979
9839900
6185861
5618
33148311
986226
5099734439
40558042
5383
9138954416
3322373
6708642391
9417630567
74153163
583993
596680985
20934423873
9179
98798141287
2276990544
86037267
878372
574218837
13885
0879
03562564731
768079949441
834801
838386
61953285311
3490
4852263
4323
076176327
46248656
3987588
6564472567
73994630452
487053896498
264964
83591687
8762689
64112643100
007677391635
9809894599
17129611
3054759298
2844916661
48989285
547181
94479623988
47481110
2386271
0495343
3421356
7403339799
798124
1374311
9213584
9818424
770905132557
67817184374
83824085765
76678039287
112665456
50722231
098808900503
65256
3824
5786658
105849451783
821448562
8682369292
83766011
99749624234
924786871
651630553
95612270
892021
136159
6213135
0028787
745001
810501411
781724
5075
094365
812650868695
600211102604
86916194
90946891
5234
6720
9410
7497
709005549
7464037
712749
5961938
930287090
686838
5183389
42701388
9745583
97671204024
291297203
593616107
663324879140
70596146
9483404
20185
22816
9125209
348321996316
734156447020
997453809
87293
97510
669856271290
464392
322462
87322
852679541
810624618687
7142265
24617133
490557574
96969651
6132422735
12276
0397151
4421
26054
166773550268
52503413
28513
324210
47780
4300
1281461
5245439059
40957
167889833579
1539
04789
40974716
014322478930
596696
54527673
3332
30744
36600631456
37038
832351
231351
194820
73755610
820204
44245083
496682
7447314500
5311797935
529343
1721
743936
2393894
19525659846
1073969
521661363
5316
5560
10904257354
6415355
5820204
808536141347
67336848
434006447498
65423731626
741544393953
31007
86585545270
82833897538
2733
85838119
92334959
54121364
0317334122
543595297086
0474453
65346018866
9193031732
670164729
419435741
23958654
52291334
484629538
12207174
581344
99355
372435140754
618418620
1051
164542498096
57271044
638815
72404889
1071725
313466402516
879264
476045281177
712562
2514
469770940778
266204
7949596983
01435952
087664359540
181104571
38381453
853993274
58208008680
792607
178460
822596
1229360
31832309
9352
1549
796585
3584338221
315179056
6065
93103375
7108
330298384
477459652
4927
74245
66839376866
41570087494
7509
61772
473133764049
416294693909
578437
3790124
66960150
460461940795
758939
35835243
75448667
31832227
442566716
58158700387
17510473870
9359596695
08100443694
832829
9931
601866293215
757951878643
67097015
96892
6073474
529221
97659565
657187
751793859279
83955724
71908597
0415027818
7377
38135
55441556
90721402665
783983095
71104746866
5852
085052
65077469
85047375070
59402
2884221985
74865
34961296
46736835426
683843695812
21804551385
55424082
155680383
99574742
483944
3834983086
8235379
2042
8812
84611604178
6702347366
16122484234
38082644639
09054
320234985
06766
2013671654
143508
8536
696596500
3398262880
999050016531
564088
15759409489
8463544
62140865
513004
3181
95073051
0876406
25307163
7884404046
54450806
28421410
9527673404
02112175
44597035198
256894799
717886
870733
7634338535
207569316
069992
9006589700
3583555
9799
264701259
233042536
1398911
092003344214
6862904496
032436400919
02791
670846
3612
46113015
435679960560
76652
046365860908
34000363
0626726797
93042715831
61452326932
537572
3172488
94001626308
835406505586
9622
8654
15411
95165019018
068976261
274476
073472
805280237014
73541
99070908
9587481469
5816
4354031
933089117
52446525298
11904033995
62437984
324694253
798743235
65918844015
21630
1578960940
066967
00667549
3091
8722860979
7964
56943
5709
8595
24563
92270
99750
7906
300289078843
460469
4772
0531
75337
369438160343
788479
4516
7335303
76140321
9363981439
32866
824312525118
7543453658
85291
15442258391
8181
4270960
831504
008838
095218647
8099096903
73455
236658633
006585072
8930432
39635112028
148205415
93739602350
0908
754711593
588609550
043188202
8602
8987
65107
88176
72634693
730337
1356
36104
5696042444
719811511
29835
56403599097
67576
0916573
478926990907
3184411
623709538
93913
2710868540
8167278354
2802
2852311
6470
13515
15562
105722948654
36353824
36583598495
623407
90698
815772313749
95274581
087572
842473
2873
2056875
000735187
801295561
180528
141269145808
643942342
77789340
229262
96594751400
6822
114179505
685180084
54451724919
34239723
0276080
63836277
40482
9819279927
696351
9698
4591256
152136
819332644
078904172716
132072
06685638796
69344711871
136351213
9638
92604
121140716
64293
26877496849
08777163
369684379
5900
0861
6559133661
132511898
5738877222
2918
11596915
717204333
934437
651060
288672
684789
990724419
0761929
73894530599
4560342343
340326
04547070740
494657943
44825
35966
348512
44042
1250
7839745470
1570
4279099329
2112
839832104107
32002
81438858
52366674132
878457624
06938
8339
0898849276
034648277873
51169205
206492
486227833
62627690
7682814
56870542
5117540829
40798178387
612423074943
8155587530
1391
28920262849
886808771963
31865
605905985842
7828416693
5393610732
451430499
18282218374
2606277
9167
3874
07794
08461811
6499934
3337
148424577
11153165
3649
688655608824
413965446
33874
7710
7935
2919
739831962927
9697
25328
6912038
07197403
0202646361
879363983338
6687086350
59345
070557185
7404566
387145024413
80696
5128
61792326
98467480057
64589158
69075
959478
506878945
7328
1570650
104530
1277
73051763
2452
00707
835165512630
46856
27718
137937
636299825974
066416962
383653
8444823
776264
9731675603
0562044
12307352475
2210
0759
48487232588
349865688
89715878675
254122565451
303302
03532913
20800
74633903259
189888
67458
1061
4132789089
395958806
2924168
5356
32383
7234
7870905712
778105126
9705
13240576779
91814960
48072554721
8072
5951759
982075
077476
906424833326
71162
662545
59154
800858
1979211128
20625159
2399328
8145
6625
16622710962
259870017540
0179355
87962381000
983493536
274569220
161810
0847563
9760
371533387301
46233161
91492721381
6598689
5002950429
5497548503
14641771847
309686
70585331695
7207481
9267946114
454973
849748
03550
165903738
93145948721
129252435
6903041438
05107077330
3688755
594473436161
701967
7720278
84442606690
584969719315
0897021
327203
7391116334
13722065
57276
465966
2326
22664248
8630392
919380011459
33951182
048411
02203
284099875929
4403495857
99775
3995556
220685543348
17597078028
77380686530
8767984
444286
318059
41986121
0313
3121706
6731776
44372405
935308109
657496
937276387337
4597426111
7476690661
13757983
243509
91794747082
866098
1668370503
6453075
767843
420210665669
7129
58561734257
970975
8133345
830208946
236897
79458243
627987
8481935
35568273
1423799928
5851536661
40608
124839559
5484553
5697981574
804493717329
119564
20182047719
48927
90152394
630936844990
609080925163
71239930086
3022945
83347951430
429063
26506894
93285
425516
4579
26518981
363102
039540358
9111448
75739219431
801771793
076115107008
3410298686
09118421
861044394
9155
989162
957686
21892
27832259011
74351064
9220868946
048844711
201968113
60578439
028725
4917899
4484
5444451
32419575
4723475
873580350
13790128
472446253
442260
8173355
276876854
8284427
33922163
7626221523
674974883
69267
3338307590
3401888285
545610566336
0744554
3828
1339113760
32888138255
155890966
57970
34360326
1474182198
4641610675
7633
56412402949
66497617873
157534403511
12627585916
3476627064
04252486
1870444832
2497
617060763169
49657095
112648130916
9139667
08800
1008389545
1255008
5924142
5348895387
03817
1903024974
098320
5633065
950652
98768903520
501162309
86020826
3940822249
3366528
206464951
953448
989432528881
8592959328
96716839
003188163
994974834460
338789613332
33834242280
1495862170
066002545
96148
915415071
510507
9114901164
7939
23278964
296973
364726914825
1030089087
5183
43427423
979203620
4420446459
46110669
78510993
55293229
00686625271
02760374
509261048017
101441789333
492777855194
764734093123
8216
195478
5442036895
93273
243347
1128
358326
046570
4658
21489
5940
43699895613
8834226
52448
5067223139
12537
99213261
027319240
032819460512
61469269
2863334807
52248727
1471380741
634458404941
4279583745
42717230
5571089
2579707
49602393
8130
6334469
54462
2953367
60847252
162554
09604
208222982220
163968
9884531492
084974197947
73323
1941718
358399296
64536825
5529651295
542795
1401
9717257
776369
33975
070791969901
3270
7023776
81404031
85710144
685642240317
196767333
931436557
36728223700
70204502724
4095120362
39690285034
971828
420615270
7625426
5010610
288088942
7493216
9737561932
04468162651
900076872
45390
5825
78034916647
6628084658
9830709
3885223
099570795638
914032951610
410486051093
7734
5524
5170099727
3172
38428376163
4638299
353576748863
6543494437
39139569825
91271308745
976890680574
79704
7951755447
367328690717
7693182507
51647
21563
533014
4325148308
9962313088
217526874226
6480587680
596116620723
6666
430520768390
8772067
19300966
95810
281380755367
4726717
4467280
9579939808
47500
5876948567
279593192171
973940520
16052312
979352446823
0133585337
91355
219372128
110487876
77839899765
284183022158
121561
59471124450
364797
48460308835
73573
888538830519
12221
1539315804
30826542367
309400279
7985
9564600395
69688
2939436
7985063391
87912
989816380402
5533
09312064
54415567
37569386
9347
18651
67951
03687719300
582383
04669737
92732856
032873
699130
07749582499
9995
916035883557
9886
746569972253
3598245
34371642194
8003029099
98393
3888
3881128
5418425667
72905
95014369139
441244
706573578588
2011467
970207302641
622991472
611563656611
0292825364
29471
055681
62143625
2192
3985962991
36475
56700
9576
26363
4479
257410
58146569
33251
9145
581036667
0787193516
828438
9795
3407897939
9953
106502226
15048155907
4084462
776985
1859
068213
853860871
2971197380
3458667
034437727905
31535
34947755338
9430692746
63050064
0331560
75318874379
603357976
6547
231763458790
215325115
7030
5619712450
712595758
5662490
57643829
0394879
66377
2757761358
000445908276
2139232
65282730088
626356311047
28293
306041188277
78315
8731
447120877138
694636139
514594570806
909774
633632612478
478157378367
077084119611
1773819893
507644413
1246022927
230704367
39182591
90330206
539483815074
754121660167
5643
96570963
0721296
289075983132
2642
2659398
24940103
01334
0210102979
04003814219
06754642
76455697
20243028642
349816265
074336152659
38179828
3755
9393469966
676035757480
238413233164
459558709663
6632
856581858248
9893231019
89293
2529
62716611139
65267105145
2494443162
301365785504
519157
88243
8934
43945308
54017916938
31456152423
545260463
19304364
5627213788
74974
76266833012
7612
498116714776
425985169
2923038
12889
514635544
70154714022
0381457
267110137
364133962
9429620393
47610947940
2675259501
132646315086
3443171
30407
0754
564854025699
349637846399
6570773
5235
46968
49730
31231
095813911
2419746
1972916582
4446571065
9095777
81286738
3758
781517
3727958
6138743594
13168
81530125509
393321980
8793334543
5342338
2842611766
24654011072
594798
35525929
963518
96942
05461025393
02305313656
686323796932
719292688533
3352886
0572104110
222933953425
85844999
250811
231999245
95531824452
988123
5201527
3606414
289378803
62895893
8221779788
83967459288
85624171415
078319508
896608
109242396
681726998131
07403
021829707270
82352
4730
402089573
366306
7638649111
74413205
218667
749315025169
700589
500135378664
4879048
0713367912
176287020586
95585883
315112033
682375
7889
11859892527
537325
5034039026
381634
80368145
559649911132
95871413
690678766772
6289340556
196937
220646621
80801533347
34294231977
0195
78482155
389181199
2449547608
117762614
71776762
4867463821
3565323910
1780286705
1095139
262227
28144
1127759587
92576548553
85555850237
9306427
510009
8525
236988
661392811
72879072
9206
8571731
340405749
282072
7145329
75629190490
6852116238
675532691893
3100016907
46083441
2240
106058979540
563255106228
3234577
2583
03933
82823216107
77047786
20678
42610
945141
93014075059
0142
530059525
23346817665
5509210167
24958455591
3354
0500391
26390669385
220440410113
74972623
578364064423
3707164
7331870
52413318886
9763716374
678683384
113245986
4296
877026587663
53277542067
92309283171
7658
3454718670
590122271
0476
662710429
696219984716
7951470846
945886793
62150648424
038688528
21513306652
02639454
63316302
513436216502
2727
691085801
70992485462
055148307005
3557
249505559
2823254
8290
062995
951676486
18168
5624561
9798748
16850096
44012
78707
55665153834
936611725
6486
66148
9187054
16643
5048718
36224954
1376532388
273747
044627481
346570344
147390
4112590
4340
8752663
151318154
0681
2773045
5919
46576673021
1310882547
020900326
92569700474
023454
18824
21600384808
333926
97568
68641692463
91775607
36168403
1051368
4756
1254102350
713396599446
246219591936
4412721289
337977120501
7920794
299336094132
8110753197
431584775
69747039418
47009721
115905283547
4512019
421597
6334957122
75909528605
33503421
54960206
93416370
6191
5601967888
74007
89604143447
231799679
499968425
1352129321
139774410203
82378785
9370
88507914307
511262108
0048471657
225516108153
67072877
648990486328
27958288318
11286452977
5544575
708721489
398135908212
4278
876309453
645808608471
12012209
0579
4955
349424393788
54774214161
27559
979474074482
6507
10606775
8448165
246878531162
288108922768
8221854093
51785
746416959
19538069199
1803365
81157
03590051347
73542
2037
62580357
8849
8885
311910113
02499399
26339
0866250097
78610579904
2006
93078
119257
16113
906937344997
3525737852
61282
082703
6750581
827358430
3474941809
6097936
11350728024
38060373697
33122619
34315036298
50482
56783203255
1004
67991
710279
076095
456343247250
50325
15400
328337
174513937353
0990840
8571309
8394485
6708447
9320038
662109
53778839
580209904599
937222863303
91939
014513271
112764591159
51646
5732828797
1316428247
064918
518092946326
53505306
072584
52811
106291336
80244
224874304877
9690001018
87353
47941546940
44510991977
4133
5320117517
4771175546
7732677
4139943969
46116983
119692160
184369508
26426
1375982636
617516
9619418277
53932032279
844023538471
526875
007587864452
7439543
664427045829
2364
227678687
786674475
332645
4773537
5919304
044940756
284925515
48174150
459708
170488445318
3009840
383318
3729697030
2874
4314348737
5108651
93112
35923
255208
6886
10829636
5786474
99398
96868596810
6259255
579045375357
6388
314504854224
0701877542
64903
59508
594858
1682022
999568804
583944890157
12993
752707275687
826793888563
8946501344
1644875642
3438285
0169
84359155
23043486755
47986879
08644414306
20317607986
96016829
446849718289
91910
1486335
336512803
35139965072
5816896
98006138106
4731927538
3399
3452082450
95971
5680
312025
23607334495
8241102955
529232
93342199199
7604195312
4225
945717937
7955876671
131045044
8375394
8768
10514187
943593161
0720287705
02300844323
1301914542
9760781316
34876383
02764865118
86813684
2818
38976109750
669413341876
345336
150944610821
5701759
3303128
87307
77787106566
1865427364
35223593
53759449
565127
5774698737
347624828521
232063391
7911
9905
96800807080
2118605
53391407378
949905006
0410
7962
89623316
238164258
8684
70206442180
47872
007933069826
056941202
3277
760926049
06451144
6629
504162605
14034
89542006
913133
3254
83290
822751651000
566074449972
109496
9958863
523503
840864792517
088653
3606222
3970122934
5939667244
18670360
6561482600
20383605
59830020
518186
344147055060
70222732535
762268206
57627558
6457
23857865806
9177
05697
2061319
91896589
6800702
8612263691
182481478
6690329
4524511
70400
3735160
15937220949
81753
642352
526862235
9656245236
0199
401950
8939769
775963011410
6847712
66221
3985608
4134870
80643
60200
434485602776
933336145720
016727577
6853
6996
961244
89061
25534
1489
60389023
856337231864
650117282
265329
299968
888033496
044590867
21639
4370166
616518
4705487703
0486589
473479068
001070176959
892866662
77645910729
583599858
7912442444
2655
22467
29035
50665903456
9698247627
071774
48159699
15468385
61530224
60564379
65334446
41621
423922310
703222461205
8914691062
6695040
9813817548
56944313659
07541484
2504664
719565576729
3565
6684
93948054
24719426
7549
80251
43056
273526726619
5854
32487748980
62997
880941
779537713
72662
3163943557
4712399
91887028
8904440897
03565674564
60318802869
4316491230
30488526930
7819975
8346
06137594484
80407543883
43554
707718244
186280
015333
062699666
86323348
03542
766235027486
009670882
74775655824
099638902
33556165
00785125
99146
9364
56205
5722931949
475693102097
31190
05032293856
935506145
6433
3409524
0763496821
89641348
46636
362684
204091192059
090332968289
773683466
6046678
249397
6887274
443392
6829
063932956659
7187041
42087
6155
648167608868
90470847461
802107699
460540269
45094447569
22776
4735
1692288902
356765
01610738
72633
31762280
6096
0376
11503
0615325
7046
5242
7600381940
17648428
52326485
19734601
1553
4319
539701426
7395945349
401750
936754
9217620
519619297724
14930986
94792
05108
077625204
6232747
6896
58737845965
7826
973525582260
349724676728
943148103
80586707
11727
757480
258983093
766385911
6596800406
574590519569
60506944
230418260565
0197
298213668023
178192697
7291864594
6408977389
23147
027108
6742124
591440
003210
80203978975
94259221
943632
048185552
84840063443
0210564
67166
8360
40557659253
80350677
1275236
0204090457
0341071333
80839509
08755
32153913
68846585
344776
3327108
31245993
822634248
727328281607
8522129
30995
880883
040734
7257
6399554505
81938
849399
7708147966
638444164237
668513077669
5816289
173259737686
858147804
4319438939
4041
883808380
981650606
382927781736
276539
97485187
297456948771
98183639456
78916147084
02977
94366782
93016
15651415516
719943059
714607146
4413
3331238
66640988702
407494449896
0725216
678127381
34750662233
4105
31166
989718610856
98142894
6489
9122
1350
66084058586
627139
23176825986
7305
53659508933
015225553685
60420014
26092
6467
32001027
09367928
3596741
36015719755
07542902
2627040560
098210
1569662089
89174663
58969622
794907126185
21361
644043
707905933
5824663522
459959122557
702280238075
97217200170
711039595017
72842
24246570327
3369
2504249122
38573938
56402523071
0058955973
7723
68600037
61201
3334
9580
281404596127
616624895978
3048
57522917
407658731
8853190006
5428
9922474549
393010942
28647
99460602848
89889
552546
853634022003
026084
1400
655505031027
8093
601303768792
42198147
178799586908
941168
5070118
5076621240
456490138
7661389
38851
951606261516
3493107
812982
769811930499
824775
51443286554
10031
7474125
048313
7268379274
79725
0866830046
59685
4782277173
5538972
609441311
245713140
9712999123
915176
02184
362385061
027218
07688328731
8482
218703607685
75622001
202824623201
267382026944
737663585247
81303807918
0147
08699880
4231779347
43998302
3754521955
0730671
774566
4967496
7215751
6890913192
78883882935
83791
321412
2365
38825
817622008248
0911882
83590
509544674297
375479415
6474
40370310
997094426493
99943898
23377851
909547731753
383526924
262745645616
97353755522
494566
10363
774695412347
4524060
6862
360033528
898525
527928
436736143563
92578409
65939
676801442228
8942192641
932399
16327990665
0298635685
270978538800
7207318
177647
56325407
9857034
248862054127
754559583158
945507217
398680466
214214
37834
70423971
5938606
407307202
684982607
04903231162
266041087
263719
0895863
649619445
7577861575
345622477099
6172
71307382
78374449
4850
9380057
936789291
8395
2405
6965974
35195
332071
0461000243
104399020
3599609
93814292564
1355
46836030
56227113
90015
90956650260
77889321197
013168
3609473539
512808744887
7772424
967370874
18412721496
5141
902984
3770187
0558598
103313
8025020621
9032368593
875194625654
956334981697
745545228
588262052
98307674
8714772458
3202593627
182748
75452388
1928331277
6143
2321370
0954101
889398
379156
0580335171
90784937031
91150
99522400
4613
2662287615
2740
57389920322
648092
69782
663441657859
6001932
7490260727
9290318
15265
0530
2743
405735714648
261351206
26526787
49695
583186431
97812871
027664854936
79724
063794188499
26189769232
65966532206
790433506
6028
62505109815
6276606151
257383734855
8517101
19700
89733
48893922709
896284
9596473
4322848379
91273875
6701
5895703085
57090319578
5008
043538347197
6032715
743038374470
079969557
48503662
0640
89533383
8652990326
82038326876
545813644660
5549157714
627915
79089933277
07043670081
1428
942921
83210
57377837
3255245
279782252231
00302
09261
4017
6808785
9480024
918344427022
9000741934
024334
7486472361
026330895
6916677426
1504966
0574498627
7609
2661575819
7497159
993346
208715675416
7896616
3810726
167117581
99238473647
29897892
461281385340
3575211
66215822573
3053884
42903217
8750
522320597
79227057796
94152782708
55484
9984
79647258
044066445638
40102749888
481014
857008417243
200251696
082668992692
20941
89458838190
9871
966247927
455995
647519700326
411966308
5905
84395075
353302273712
38631612
96051354
351665725
346235557306
1454923899
403967365
888078960232
454805329818
67180785702
043751973458
8254162
7277
7479
2177456711
40207
241613046775
243974
3820246973
37489714
005630252
04153
772551
8809116
05689
932418
4000
63870963
25155427
09063
1824109085
72634180
9185646
0091
41683018
913030454079
98147116
500576232840
61985
90011
289545542
895142809
1682284379
14973391
4782277
3085765
1996848078
21288
62492450
472218786
170929
04352
652918027
534559470427
3388
07945
02372
45860
4409
332454
3025
774538036
1336
02600356
4937
530654
1107266
6394
4887153
924457
71030
0582676
21759566
02234919634
83059674
281749634
92995580
249442123360
694389
25727113294
691967
0840133225
58856
891929523811
360110672
9843108
45277208
452371485
23308
5506425919
125516351568
0906
7331
743714908
184466
017233053886
40304165
2472096
4405521
414658
89707413
5270669577
24296
7008
9851400108
77140240368
14448453
14644000968
779365223
253026
277397558
9569103652
325283215
39919976
76357
980447397
07138046
98921861816
65417
722691
94381536
054961126698
908568902
7767742
228475237357
28479609
891419
6291
661562024907
6425
643904260829
3070264
41264
1017983147
212919
211522
63876532
028320009
7285839018
76098
42209
5167857189
5437670
82126
8230
1481
1937527100
9760750335
726537712794
16223088883
635256589139
3824894
4976796145
43892
8692091
529564551
6554720585
51357653
7362587
309087
756613014620
66992834396
2559
030868787842
063988066765
0168291705
2303022
628589217918
022875
6799758
226268
53533
836822363715
6546880270
82556
222595
5799894331
32504
613375103
635017036
197897
596467
2830113625
425539502
8236738
2852165
14270811
353886
527574
542950165081
9374
5299
29049757
859736161
23887159
788584364644
0071711
71401
180074984090
170478
408059052
75070242920
12605
69987
5774280063
04007293
1845941730
943399
541995
767575
15043356
2231159
79030320
9247734
554509
443534820306
05139389425
733480701
87176427
68732
4478195185
041466076642
77361
824893457
0517
76128
29590704235
526346
4502535
59913
6481626
542548
59676
38836
8915766224
11490896
08222209
215303
72881375
30357058693
12731016
96216071
32297035
90349912
8504762751
34276
08815708176
5532711255
6945468395
751748381001
500278
335833969272
136134
320675
0832446655
85830656602
9493155246
9138413
02863172
8340
43667
37975928521
733461761
4720633
87225
884431
150470437
210091378
611756914654
427075510333
93812
461387
4064371734
2877
97646168
561537226
2844218387
6605068
17175123962
6084295
749731421
3766066
1017966768
25305
139782903
5816767
358513594
77527909
552061
103084780
26266189892
2878804441
537578501311
8178
9067371
80383
715897311731
7609837784
8471939
160407456
552284440
8464
51269
228089085662
27008
4750
2561603212
14222229
4888148886
246455
49008216
009180065
66420153
4555585453
8854005
129326984340
936051
0537169538
995857650
1504447
49950407042
9119385411
25480251100
418704172215
3016821954
139983
83845012285
09879
91403
83925952316
11169526861
07091020518
08996
523234
99883915759
22864
6500
81075245326
85063902
18276
777558786600
23610632863
514720592
6219940
8485839982
516581331
223343881188
853193780
9824
0899918
21662
1058
362676
57375888
9378574
739014339
6329588529
6107243248
46802
2626596
904843
181433
5970120
61089064
92101737
91408
0893494606
00873
76212624
6505
400015
6231
86335546
523260
2057566
372647077
1565687402
725756
1617830323
33946982
8558258393
4856368636
8591696697
54371919255
21925
5290398092
144827
976828
296216175
09601509
13195590997
756941994
20001623348
77162146054
05077291
326137560533
14454
1876936
7704190
1514
01156685
146405
663985910258
800302577368
39509235390
729502
156969979951
190195000240
797453
737372
0006508
5310136
2585
550808770882
1370340
43961782
9213
9944921639
0705636
33360162
26774706
160827981
195935
5922655063
9405871453
60589054628
194513583
680633931902
0985
02183109
57864
689239498473
79790580
917164948581
924235592146
0955202548
75558943885
828038136
79378
0543
104699
436555556
764236
77070241
661420705
58154484
7119738406
8584
8248532
3243916877
92329
13742149339
2833326
990864
936776190
407225785
5369669505
9687693170
846213853
216826051
7311476
699192051977
715480974033
11576748075
726876
19897567
3871
50210
6376441
62654704
17635
4259926
6694
49544
8118
0475461018
062335
2644199308
518357955
2789
251726
9567850357
15924
80928
02008886
6607770250
886852513892
32823
66687638
128378360778
5070301781
479701248073
09120648
33193
507416
19964179
8497154
495905700
269677
1383559957
30455202240
230262309723
538190522735
661442099388
621172
0507
90688656
78876758450
314458
70136132
504015833
158996909013
93534393300
720606
47517165985
8005717693
36624970
836986638
30555296841
05384
9377571
91217476219
60314765001
45384379326
10086823
95082083998
4830780
95488127522
5532
931361
717043262185
39202077
087588883
0449
756260617
341558919
3993
682651300223
7599683168
0912652050
08001
299731700
49155
770519
426762
5394
605842
20768
365959974
0144
342737038
5709777
865827
9989
512161702048
02518
84423242522
516654
157797586
578621691806
7003
552567009
85675175186
70503351376
394109630931
23583
6544299
267442028684
999935961285
55092
38180233
804114130
7111735160
7194
4950031
770063
53605
51505306
2634352
50384
744871148059
269545034
8720
9271401892
55041
400060799
317688
715538
3678917
31895398
31354769403
538584962
594462
2712022429
3362396
492803419115
16208845035
61956005
1825494
323029700415
84533
57386343
71836
295606869
1589
25035
6970
26329028584
27471
2196331
42456388240
00411617918
51645350322
810274842690
39163
188921
34260278
78423
368184
26742948
43881070729
95992820
568276161
169588123387
4764759
4604
5225
8213226442
9266
44992537692
0896
5424
55686323235
5909108
234135639493
36372
646219242
900963
0900941391
33152
382602472055
644982780707
8922435866
005080117
520695356314
865937805
48377
07210416002
94977
059473
78524
418467012633
6437420
53984264043
888151702295
256802726
304789700
733335474
705013
078960417
33222
3066634920
05337025947
9571606
5897365887
76510057
66922116147
021776602788
73659114
840274459255
53877
968187
805264
86692778149
65124223
202996692
13962829
17397
1894251
752372
2609533
8622512
070767325122
818572491
339042430
63433181256
8894
51597263100
82492434310
044115
1457
989519
76019029
0076
9366942516
7565955809
935984
8553571
701806
876342122621
68486
66686312
4717022660
3721712
9057
603371
31909577
968137371246
5347
74222873
3576
80264700790
9137473
469284888
2510439
70161
2216496005
465730
97664126870
749001
4243684
92686582439
51073
7316
76110512
6165
10554
00720
24658160266
5540
4720
435459606
301996
135056065855
6151673340
7779990
9402
66715
10399721748
3410
35600
18827
9669727
9490216110
6824798346
8480953058
491116
636295515616
551067503957
3453689
704600497077
466191409
707951131
78944
33644
672075368251
249379620
087087843
28467526
25659
87211
2558709
347218196
00180131157
41930
2101473
921311725
10530614801
960640904
9181564578
3521616562
1950
6343890297
71527910309
3288
748237861468
318518631
5337
828233225737
0178085
082464156
87207514
8752517660
77778444
0287347
87221
05005
9393677
45667409
802688460368
77336
558051220549
26201940
6318
7428591518
75615
2440667
3331
439747738187
0949322
6859302
140763
3503729785
550695492990
364919536952
2504
15916752
6018
05875
32501569278
888728701481
1066971822
5149124
1368671
3883765
452732
4498298
54683609
136397
9349
82537525541
4531
2466108317
716791
17970927229
8642587598
44728497
03429
01114599
16236
327527734328
7116
099243976
24908
98221
8243262624
260480253917
894707848150
083736
66603139477
79965584
642775
9122110594
85919172582
7688934199
837264
340191
2748547289
48309
21536822
4871
946839048357
135214589
85555929
5463
05374967098
6327
59386403
6769
2532693
1464937235
5196
2083094
7256
51941
699510373
0154106678
7999268987
49004118
7327138
9446291333
09653791
41904
521570099
201915818
23804
20064739
5631
9988
3770225
0426
0907
679484110
18327252484
5766323518
03245459
3614
3174643502
20415023
8953192
2139619
7358
422517
960432
96293
31267206934
779314541550
33360459864
791033201
862377
298356
400374077485
5194183724
124110832
03706350
007368
482184360
2457936
30594
66873898602
43892882
79258823205
57998
50233340
67491
1202231
029448756526
0943464
44428770812
8120575
56767689864
20662
90903745004
15962117916
6443764549
95803826474
22759
7245
6420761
292612850160
14883691
0428
41636808
88669
80891401
64463
7866301
26631972
414806907
23251901234
41733368106
2812791
038688654
4857102
0959330
87690413602
766463
54651
74206292879
521941564562
89688781328
34883
3614043
85573556443
06400342013
9160468
58193245219
7475842
79790446204
5913632
6920
8241586
99596048
835812924
9731172
554310
0581
8324
49923
1679216
5756141166
64944
542195
788152444433
15332
749775
706091404
52691292696
92127261
20542565
11108855368
70887584587
485619
84288469541
410092522
2926282
04136
968878472
464526616081
6493
04752
17756814024
959374668
81131572350
8521020555
9842
608575
71359170
4858
040503
769009
77658
86524
92016
4398
973492465109
999012
050311806
22352525
79210997
60732418602
4802
997733876538
759387766
811209770055
8349331
67065788
37573
848323141935
524407646
6946742075
0633885718
89593
79712666
007609
71687
782564
5843407932
984165
6442
13551335
791795563136
7401714
93374
3420321
71903
3606388
2459954470
72669052
27458
7163375
26258
503240
3584
4141
826458
1468
99399900
90216
863818
85828924
592516008
352002562
108288110045
979761091451
12362529
082226367455
78532
02576
18422882
48851594106
321333425
72260882483
6667491
474597
016030
094692
8526500886
20504520
9415
81351547579
04503748805
22207
13984515
014612
72413398
11044360450
6031592
303302599744
769786
362143647177
914574
2577277
71994
253383607
932919781691
35408246
89582275
39685005
85899239544
6051
35940
482745072
21000971
3637745
573989861
858414973
992453
9505
06426162
130253621
910621685
54054
65977914
9420440
32212
845844
5915
728017288
0582
574005
6746800
466028361440
99637220341
628357674408
37824630
8045982
00440
810851751214
877520617
437842
08968
72708946426
3831776
078324
484561381
3321
7437464
528680190551
5582332406
694301831
332459934
7745074585
7402
71922
453653312083
028835
8179337973
732094
44049180410
039617937
5791
9928445
1885
139818055
832880383508
252191032201
2966
04765871453
0662070714
808542009
37187
90436954
5065443526
077073277
963976063
55407117972
8879521
3288473834
365553
2957809671
4459003
1715
5018
323566534084
454038800
3916855
5866
832055938147
9087240282
14418625
0311471851
26998966946
22189424
33200
37658153
42153810
4092811
908529
0399319
530457338
5079
26597576835
7689862
914492841
8441211
36449772077
97695
83937931486
06203295
8645
7342
161606011
61456
12257
03678340
511015983
5313771
858148
860656
7229205
051876558
529170059
7117780621
466888
731007
289845
695910889
1172995
96819949
37926866
5768
612831126
110238565421
4571739245
3231778
12977875
0614848
08023093011
56668
51944998713
73248
184844816
39893523116
9300
5070
20272
00448714928
999036434354
146928668
54284380
329594698204
266375
8873
1224226862
9129071907
597251090406
363275
7990750
2600090
1270007
79763681538
33568526
5537144
790263
7263
68095353708
7006999
352796
8474949
9564406
528869597
18999
0096418787
8211616444
021500
0671
06158629
77990357930
63017
67345721381
18443186877
484273395
73252180
72408558960
62676411
23372
773167657925
8200583
26145
562264
7801
807529639
108647643
9953399047
5946568
09935
02839095010
729835
45090
106795022261
352393623887
6794605239
818584827
3978
655474884923
7933878
14950261416
57869173
179983
028875387135
3724
486482294983
00585857
741740
9331352
6406903807
300016923
644190
51163474767
41278
17384092
923545
2963328944
0988229713
62875
0335180041
3966023
46604637155
406382220033
4744932075
26720
2868745661
8670049039
71260416
65716994
419202402
1227862
0547608
175144
2459561
538729042
77698079
2894319
7096
32152665
73874992664
37486674731
47860907
4161
99019677744
0144821
6779
9144621
037709
4061346850
7231209
9700192
99333
465751252
9616417920
06939
32026390709
175837833
58795
2131252495
52733642142
08347093676
9295327704
581018
3685578112
22132050
355695
915816
76574250
3038469
0515792021
545836060182
4743645810
77468182
4566694820
7837401038
008278
835299604
84428878
34245415
7330115
8373
27379219425
6862195429
10623
197019
01197262
3754333
3887375691
7787689
727659534173
7129977895
405246190
208667
041208
6409783
1294819
1833
13498
600212
782663368
8506442
40192687
764372819243
67041
3704731
6595550
731911068179
78653730
0650
272075
76904031310
653866773991
28710413967
627888463
88061813849
59107857146
52065
13660801162
424371169
35521538869
67298463727
189431
96474839
182162055
931822356
708382079543
8089
540719809
391091
36752526
3598
6366843102
22458561
00875263
66040510
687748072121
19755224
47354230163
634476
8727569
3627668
5638
41768892619
82580849
77786756
06470
50084154344
5326091933
424437862
419441099
09077708057
8288238
54211961
013741
416317974
32326639
51103142
4296036896
7535
610634
64014
39693907
399639
4752
124291804679
8016357
720304
920092
66004932
15760
060832233
2171808103
8042862152
0077881617
30445
098343
303312
637038399
80274273
327312251
2448
0441
5034753199
893584050
69436
8756756
16695048293
1338391
13761191251
63517927379
079811222
386240129101
6131667
201699701
775645692
8995732
279993417
4790395
13599353
236476290
856141
60542
036254254362
78246858
100868466618
41732677
08244
22412955297
3066
88352
081838975899
3684
376380559552
842617
282293002
21578815640
8940928695
28275
0558
0202239379
418836840
261149854928
55428
450849322461
474650544778
3927363
0015299
46680926
3734016
50933
4904
10124453
93794
3003972
91644
138986
503686540
34251
89836644
4070
3535478
8991
7070563
1575025
018415780919
024431
78038105
070726185321
1645713697
4145207
8560589
81159048
329297
98415
47577
2715093432
765117118522
296870948786
24752
643245839834
58090759653
0862
1758801
7834711169
1455
23087693515
334246
6141442
930335559854
1036
9292640704
3397943688
082951
5413037802
23669
77417
42342
82273864
06558
3953
44654622238
5980
258778150080
2936
9567090
51217
0553789444
67380673
65815604
16256123
846419007
04677
492791
21772
2723114
17144
49227
71090515
1119847132
31439
897936919598
58743
847753309
80274913
38888641
7872911
84428420488
00933419
2005
32644
6525476656
740904
30515971934
71842
048381
6506061
11436210
997723
18411097207
543849
714238190
413322540969
527185896542
00489
5862792
17651
054981
6193927
07779
99786880295
56504
6031489
137713774728
7201401039
727317
219148734
227198
494804182
622753358
552173504
87563079591
422101295
524870039
920159
5580774550
49325313
779300819068
283419483091
72163038
4109818
27121
9913504214
5337195
865053
9344027
38252572
36723
4254950683
55944964
9806333
11124014024
887604953725
000937
0405999437
377375267946
15620
135271
662845507699
93043
12232218903
68070201
14658660976
48073
433342717821
5748
56115158657
8807512175
698255607
6634046
11696328183
645773391
885665
2472886965
0446434705
03155
8291585594
4138
979656104
443792148345
031585
3945
98159
121010474880
2930129
659961011446
42519
384540927
3646
61604818739
826237740
3433910
797488475752
75968
554305184265
907215151856
99338
05871633416
855115216033
3066177
34371094378
22902877199
962867
1592
79669
47646
163318737348
15664
067031293050
2702877719
53278404
6115987492
83545
29565602856
3225150477
64453368259
121556
857306
7209631034
2117
217155224488
76125658148
370120951
733914
437868140
2604
9812210
36161853301
6842643508
83907394
81547
5784
8474959
0193617
92611
2247838231
324211
6595604430
002464458312
509811807
00567
888822523
51848928790
655248929
45958
9678218
9108302466
114081161
956472183
04694715183
61845902435
5103104327
48466006042
110113569985
150312745118
12350
788321420
244720098
431827
4359994822
1094019603
603739557853
184726
58452073
19850475103
15353165
636447419413
34023539
25592
59085866
60847491196
3769028958
04216549874
4973
6371588710
5193638
733970
25114399
41567347181
179850550
442297
0334536595
343535
484202
5706965984
40035747226
969618545239
7676370453
004256575
36090190849
8929
443658216278
89298
5892156937
659477813
16546
54890839345
90614306
559380
22293405
515500
152537
72946
1031171
46755732
566006
61102817
971626
93312023
4523
96257035578
36442262313
7322137
565666962283
93719
02702735988
07144
90931382
8238088930
0117236
0620527812
64313145
030447
8035218076
050574879
111610608
39309686
45039
442009225
8449813544
770160
247720941738
7778715
13246898
8023693
1942980159
5555
939329029
74975
5788274
791562969336
06048
45955784
25879476825
993631793
641080
67834
161712150644
3191
744552937
52451
76796
3899
88923
3585724447
7829129760
13406
64760952
25017016839
904820941
59725782233
9324
3406743656
534753063
83002
7110
690040
140383829
16409
8837
5165207007
07099
316212
87886
89508
8095969
41169
96828
14706927
02250943
0213584964
6791
48063993
493362112
57425
6570216294
2818060948
20222
5447
5750784
994809285136
7253
5047903057
75861514417
724823655
85374903
44925269325
6769801
4969
1228366615
666241
25218063858
69015067
0771413310
962413
22511585300
8236
504105377127
8527
44228337
3685
75586418
6221
4399198020
81276557537
9826519
25119508899
3619751
164090430610
3660026
32909273
1510128
83275237487
63849770730
2568
960762008
44008149
25356
762075999995
6871
0952120512
155067982247
1095366
59826
794222394
317937501138
98362
126774
754686
2021
14053
46868247585
07987
6058281
4709
608913
26586
84461153176
6234049681
26949162
619575127949
61782940
10992189
669409957
8525373
29479111
6210829
90190807396
65316713715
4966239205
723138497469
35391
65468117
66831319830
8391385
45803754627
930603639390
531164
09752
67075855367
40623
538748
695711521
250329
10152
530616857
86074612344
3398674
007212418
710925933608
683806
650732103
6501718018
48908171
02954919560
068877138271
852160
8911625
111853484616
29968876336
494318477974
84881098
6240532926
47520869
2255517170
60009236
5720650935
45906
241907288223
9369890875
8730
054873
39665
04500
87702220882
166341164420
841482
08217
303642487038
06322975
41793
1244
0704313828
01466
573883479746
492018473489
209045765736
14655202
1154811
182095237
881977586
9345437
7958097991
822765
0761
97035
208985
6241030655
9528
71482
40365274017
222517
161148
498414
085038095
1974199386
55915109704
19036801798
050371348652
478492
4304468
85646917
37955992
770095546949
6136
1015770
092073
684370
3592253
308110321294
199922
089357
24530
0207784
44990239
162627696
39011766618
105572869
0674
426048744
021540
910155592285
54780491927
6728910243
5210
5437
7924
0269914
3958
354235
3246617926
38384
621868010
97594120478
3759576
4924521
71820
745679443
799615859
7337722268
077620344991
917182110341
16226
2569
455984219172
936136885866
733716
08808013509
9093338
2942
300428
352513901
993335749793
8055
69256
25336104
28945752
75413
4991390333
333003595
18494839756
8293274230
748729877
082041360596
14710213324
86179506
462859
728302706267
821365635
43699166377
833556
97545495028
450359898647
8431830
536927636391
15979717
24165437780
01065278407
38695522
86042960978
25446
8289864177
443454177920
1369
5793064
879666
700544362
074568909
1685
10193680
3292157600
6477
444178607
64690082669
252870641
5918263
0556177
6942052
1889203610
784199
8292904988
466689
87485
92626290
5556190
9828
5475587665
2592403647
36240010
78769
513856
7973217697
2040621
9462884
3787169
02284225
2199807
2576168
35435
93866474
1666
8121
917769
7439362317
72957321414
73078
11417
0484391
906423
884933646009
3916
16952
063446
01993
4213
3842
15996456
4035688549
315594369
056983537402
8263991
0411571834
3801
138396999526
53435340
31500539
8223033076
99650076
13306039
79175785164
9400744
674632994
0980106346
91989
677178602761
115052334
4870009285
269296
79042997459
98570004281
1172
5811
069337720
1132084605
712380
44636395
23409059072
52942671085
6490897
769354466
02116130902
649170326
2561483190
391972076
17246307
684167348
18084317
381649
124914939
3220053
6565
38618
488210327
8228862925
9066204
637577276487
991586620748
238656212950
580613
79775876879
0839
524375
757902846
670564
3191856423
00413
0738
830550
0325
9150476
360808863014
3916850
119576772
0759628
894016
946832
5908215
420752458
4547304
720392
086805
72936261958
461862822539
407261620019
1670708275
636196
0968627684
74041488556
1222579
730017
58121
28108
380257128790
887431190824
222352682
989860
340047
2525040374
0372
99685531
973384523
114497135
8924900
441379021
83804
224872003
982391
395011245
0902747
98953
8604019
22394
796710
09626766640
12505300228
9622196
541249433932
8171494184
660152
462588808453
789413288863
52107
8135292
3272358
316713589
483802925912
8211
0358
9176585098
76901517
944380239
3522838241
99067
5301
425913853460
99711
62795988263
0694365391
71661388997
472068181
629844976226
727439914119
0760523
969659582904
540712
7217615
4136349
064780801258
3527279146
6736078495
546941004
862894
974826765
289187634
54505508213
87151905763
47232133394
3831329980
0403824
45515053
171181360510
4192079886
87375715
2901978989
593963808937
8966
05814893
89361302
9646
8216171325
5615046
954888
602622622535
772326421355
6995035782
25767474
235632
78921930258
0814
861457893
5711673328
18950
0927013857
326887909
4022345
560010
901140
0630587
778594
750016119524
46048628198
07673
3815
9729
842862610
4811875708
760818563194
2081195
99084082497
07947963256
78438565
102380
152397916
91277128
911608473806
101387401213
5904917293
290847
7014227
23324
78913
22574672678
737374
46397145008
7207
3074624128
5476
407791043636
241095
959807990403
430811637949
677231726
216818041
8937962
53954
238018273
187942
65058561
743612767108
3867
9247
0183599089
02577070013
0085547
40359
02648657
5030
28243744
50594254
3928
81895252205
0638599723
133919106
11051
4976
494413437
363815985
015912543
3745805
7847
920035037
236591
28409
638258
675595
5901
1297
1255512
03950784183
8864
91451379
8046633
5450132359
062589
187994
038990
285018
23563668208
06768063
462290422286
55050
016355408
8823
08108703638
74474
2565
8316350
5474487711
4854
88654603961
574157810153
002755
6813596741
9739100
9248
637054968584
75837
3030310
10262576
3600
35523298
107617
3483530795
739933192470
8682237
265769
43209619
408224
37619943
824527984382
8194703
484720
599064015182
7618216
928368260
44890
212278406
710865057
285950770
341170417
4438929
93516
488502896
9542917425
208222536
303978562375
1264425300
61522921075
7870526
527917661
37932520
93129375
1322
93580489701
0158
77011508857
185694112941
774867
329776974859
2934559442
2951051127
04693
45894
8135780427
751090301
365731
1104096
9487320302
13140
692702563596
6135
50432
15625473
7068728
22034613
1606
53266
66108
9434970
8214
8005351
5501446
9212
7664791
306270769987
32306345
917327246087
73282625
982912161429
64154471
186669348
1930334
12734
87279414
92245025
510000258832
3385189
472122
333796
4462991161
28118580795
2595060
0778289867
910521510
68583829700
0976296
97753
59415051685
0463792731
24031604079
142129
151574937195
9731303142
019265584839
038874387804
596208984
913788
05653
7260
25770073
7876656749
97809229944
64358
3857103
238633
837667961
998671
904109126789
9097
4994143
43090
1407536087
6078926049
287767564912
2186899
69075408
516286
950834
56647931
97586820
2851
5073159412
521013
37609229906
1497187
60719422255
61819743
17122372851
7912131
39045
0055534
818087
948260782
95626
4125
808406227
95009054
9848630
2136045425
621719779
0264850536
786143617080
5102268
85369
36385077
930796
817839177
3892475
9744
8166
085452566
1621264
10975
6977092520
833231
706601372697
307617698
1266926014
124363572
9680
60454468
10436940646
4639
2473310224
47003340
6887
9465787290
6950834060
43838
8814492367
45149912111
1674
974684497
562179242
26021
0649
092806
949048956468
85977936748
305798034860
6038
018432
36280
603245
662597830
9453
9536507
83756425
8645250953
8563851400
61064298323
43045
057978781059
734885
130982032
77385151
2867204
663955
67452625711
865280919
06854133
06168
8851
657038982
29109
5877
6934
250580991685
3488998078
0328702191
70296
2783166
783683630
810327
635858209763
3402127
216430
82862164
5736
0800411479
30985
590426900
757447
4961660
427911915461
82689950
230592
9228550977
123017558634
27844283
9166012800
4291758
92171578
700004780885
59383942
44118
67812550
333613
104067210638
68250
106165178288
9556485
349676
5228079
2823
720631339
53750756
82921638
885786020648
019278317
5220
640201009
22961298064
5268088
750848421668
79899475506
27829539
2522122
52381
223801247
78118821881
1220174
1460034454
86664776690
9790105410
957848
3996886
60268087
003951035111
1140513
78706139
42525409
060244
1022
5274351
248740
10727473
00790408
3398880633
035574047
632567218
07995
29612691519
3894933860
3281180661
773092303272
852858549
786563579667
0150722922
3985
247658665
3651634
161985374
74271887
3097472659
830999
6000000708
30410
57388451310
82415133
54543366216
582694
723880211011
315081703100
429675727
180706053
697653444
00959
977710243118
78217906746
135826767188
23370501629
773834
615710959574
21325
70558281174
792003727633
8131645054
35217293
88110
644137422
3573
826455336
69621576275
5776
047521584
5409677935
81925
30611
5382766
2720223
98837465
700292512
1330412
1664112
090626992
702876445952
22762037
43938925
54329555
537823501170
259044
2193475
5015132
0908167
8119
18537149126
264759051805
36566747422
228689
309776731
5367931
47711
822391
52092246
899394190
02532
45775652
78662586078
0127
324108141
43964156
60578853
15024
76688639383
5090076666
604699048488
202049379
68614170723
2304629
4675222
03608293277
65683
8713968
55773
0903
983072
88157871
0225632080
6516669685
406325
2916629
324443378433
901097347
37265586
306240977
3836
260127283
63070449923
249197305569
641781791675
33859310304
390313505
5764429
18783
166013898205
011676651
15195720987
6914
99953847
905497
29102
9313
3853716
19345191
273303576
7183072
7362432
72590
0106
101639926
511377
92230076
6760386594
480938262
63393
2418361
249416373594
0873650
745276060649
2732073619
1461479
29406
7656
266415
66078879207
8190784643
9106568
3934183801
295971142
27680002067
69478663
538473
262751453272
43917
900283636658
1611983082
09243530
92173456
5330
606070
5763
29035444500
3892294632
631186609
4475
1378364
9902714
1339843
4404522997
352258309
24976482
412158
661107340879
911328
93446
55451
8575852167
63385999316
24241395563
91198702
998226926967
8998640809
2209
2445
626873
32502977
298352
68482
960382026
47171761
551148472425
4574731622
549108598984
709441643
087717061884
469797848
1962
936288459048
02009
57034
510790842757
09085
6558156
411097884431
441800559
667172680721
18870380266
2311
225344
957272
1385930
3184286793
024510
7142339139
3633621226
384105910378
0710
81907
5608889
020524
73303847260
248427395
650114864
69960
77602799
2417
238509284274
6772
3417464
932875732749
23562937
31014
948392300995
010696
81394208
0932391445
4226173191
85905
46998695
952227
87837397669
24489574
041311631706
0971776253
718092565
790120021
12121262059
46735
0111188
73969256
3748493305
09521
9065251381
72226317
876431820
3982658
722828
331029945602
462838
1749726842
4264451
81808
1044577461
355588501
880944
3218635919
18290
01468197
151078989
974535549
93388398
80256954070
0235788
502749
84282
12484720
76656123412
8985312
21740642
355503287
060802240307
9837
44831561105
019600
941723329
075011991734
15792381567
51637521668
449893690372
5139
712188
710762
845744445884
173723641165
9085
532948475295
4070134
56638240
51837980
93912071
350556141748
4304089190
73872816587
2603705659
14051148939
4259125306
48680208
162731
106436500551
468659
923356455043
48959056
658926331486
49250875757
812401068743
9040
442548052
8746736
71996
13394
630267279790
3039
417793802893
2283683990
2747
058322246349
546199396584
74591
315527638826
387212678
47215969135
164906
6143523725
79637
89194280
310067
7203
29359925758
58411032854
651929190
589140506587
02733273128
54903
7000
9541900
39579318654
3502
0167048
9403484620
5349
2273057602
4494859497
11338
76309748444
28022202555
8697169724
327378
71126
666583131369
8178448
568840038961
17940
06970865388
31854
5147927
65292
881462111589
48002530097
8935094859
6952823186
759135785
905995063499
6538
626982660
6649476312
632407562522
24776251
67690
2160633891
53861392
090786854986
1928878455
403496
5257988
454817231516
83141692
6989711
5118469
81746268
38208413
589837
866630791289
2247822525
885328379
60461935263
5939316
01488
424698643330
6541079
062964270913
1205
688826096805
4593888
772982
481120611186
0764
4826433
416868112
8235
6616
478510109
04998054613
0054067181
8150
80247835
13482080674
2356016
7155739203
255238788764
604151435
9495969
334735468
83130604
93444925055
311156553299
436367
331211
2783267513
55612965783
0558930547
2448933346
401630
22492581
0265504389
37901
4875178
367150488930
08028
0055
54874814298
73104555333
11394037
6099
625761
003255
190617
6029908959
861310553
34462
3042492
417049118831
2458153
97425031463
41378528840
989913440
171465
18505092823
885625
4277323
54259256559
118963
7770182
934931118433
6508392
0046
298414923401
516293574
819520396
2514204998
81901
730575
64928527
274410
5815859233
2341
12563455337
82182
359384346
930234
2028
851074149263
09536146
73155390
767347759
493397
023274572
073480
48123533549
99643634676
726476004
41663061
1291379
09853639838
8868
3657
633225
8196144
9089470834
44729
03159334
09717
477232840339
99724257147
02154365
088128684
1735
07830
4571295299
589079504
5333
176072920673
50005
675567
034030692307
309922
6511323
54525
03402005
181796785
642436890
468241
12338169
3856822877
896970898
07694080594
6801211
1080
916539389744
642637783068
3532042
708944
72092149851
86480036
2717877661
109228280223
6915500
300141247737
82980929625
19483985
5731
33890
09354395984
0672
4919274081
442739731681
6818930934
128160
5123
87936
00503326
724568
577554711
5111583
186949324683
3364221
321048486526
70751260
59885965
36444
0076093397
14548826
62654148
02907160
74375
64836276
02561284
10452
3555774
3285079176
2676
607667
0423637
6264
53208948
046976361237
9320322
83373013943
692343399
08297
27122922357
1351019
0426770632
67650041
9031
5310
6618571
439347764
57745210
8434519655
06519
530636216173
8858035
54403808
614261
32681181564
669856051490
451996
868736817460
75959
342695
94619426
6741056603
92274
13606806471
8485433
2397
852824
4116
68594506937
552967
447748360992
42497546811
81267862535
4475467027
500375
6295323
4991907290
557319
824632158831
00169846364
9924691
17614
4640097962
630399895
174368048
9043897
4108883
60474
08718824
7493
5351300705
797799126505
1667822296
048298619
12334566
96339
61916
439965350
66546617
459460
968830
224882
57522468
8306041
8605
16245353409
6811679
73923629
80213
2700
09874206
667571277090
909260700
54152972
49798
6873516778
9320812743
7574873965
669997701869
009717
76897
8508365118
060402742
25649
23101
2459
07412616909
18241
99320
914833
3818772279
949425
41950013586
047840
937411
38290
779807098041
6411683
4898162192
729464
442939655602
030786617815
160580238
528778156537
798158822
304087
6223404
17617814374
44831811209
831810405
5686275
4819
732042
115498496
43315664795
39029236
63687334168
67997434
18843
7361477
28168329
846867
19954
1756095
747886
4343934229
3660
502455465542
61478
113558117816
1852
866289
43147
5936055
999399940401
5786146498
6078
88365292184
0536813218
00310474036
69284
6094
973038701
3776228972
87940961
7164
7645515
632845629
0801033
135617111
87785076795
6666928
08299
813788919646
43644950914
9950
1625383
918518
02391
49787842846
382305
3402693202
0138708620
976293664
34300259549
590216081415
04217267145
45753
8845
2834207846
60926980
312382618
351112761833
39204332655
90049910530
2900
453774343252
535305208320
788116334
920908273
87488
78817379
6799527908
56880204
3738316
8741017
3873133
42214273
347078784
85782289370
721705601
51571685
456678993494
24339
058892
389200
2434318
81896289
042858
4686944386
34909981538
7738
8920
5676
8409
8042369
469197522374
5032
6454497644
142619788474
01783
6488
7584
79667389049
038248423
715458457087
176978
879873556
25345983
69421593355
771302
976113662056
8737661
5315597008
70710485631
42287746
0137
2468491
864727803
56920679
93235290591
5456900
328414990510
4564795
7857359375
15730432
435219431
0572307333
54348
1189998
9129851
3879
187498914093
0897
825588
35769
4992037
780366725390
06715099503
27912449219
24239
9863
2952
38170
7100
7332190
600537046
807661314
36090804
54906484883
723484513
071440
2363412870
72694396
66281725
3921529
387286239
493697730039
0827672219
221271515545
85987979684
900937567
1520
02982
9360
42417693837
12727261607
22864011
902275382047
1252
389404
03058506095
09870307588
927831
922577
10228
087541
1882774056
441550
995031
7494682
7014397740
170349
43247
24303133023
11291386
084946692
9362216713
66877042491
4724227907
746250741777
6524193255
34945586359
64501402
269903228
54313636341
850293540
71146984
8196
216890708
82758444
3585292
037670
55668860
569072
581796956
032506413
7661360829
71363566874
837030
763500
38646
571741424
4890959
587038792452
26311
05768
19704713629
8253
389931980498
428906
39535431858
74357
83259
6695466952
5080
487960764334
367059554928
9910
2379336
665230
3313988564
11219
4416802
058026
372787122
37752245
513348653824
724679108315
4603805
9322756858
372961139635
350890
5640
576366
408000755
47625
792788
0003693
70467261279
402390618
104721
1496207502
60559
808610368054
002479
98526
6072174
755850514
262883510
903889
98840748
69303909841
480976
26197706
574683412617
563140733937
8138
004217
194901
37288213
230168562
7826606978
4331
987013389
4692308438
49957
337624443346
7354008871
3434246
2776
2234621
578845
22076
65248625
760266133
649082305283
624537223680
83604
63838700613
69055
8109
977457
914676427
676460
113297322835
3612886
91613006987
3972
488222511
942410233
71784150129
3059324061
425632
5001315
27125332
8679239863
5953177
9749
383952623282
8943975602
0442584044
8220359328
816482520853
61345233130
241344287
419361
2493897823
963968492
1462
672610705551
6757
775827757981
67679
835607780972
82037
379762762
54113383
312322028138
121879644
13531648
8175324487
066922589348
182935802
577837
582097638945
3103972012
647514
872988143378
301636211727
65707
733516602
983079887996
7587521100
793261
981749602067
0993874
226176618
88303172323
561162
41445
427277
158780
4817315
54849
14819895
747394508
89190424562
741081
954935810
80230
5899
0776224372
6713086534
7895204
24342
80506848591
30076154318
33593509
2111530
1982287
8700
70180984
975467341
55406
13384
479341
10299
771060
0164
439216
75196527
14051384
9309893
309109033
540475379632
788042
052746873389
336535019227
8364
1438939934
59657466
34408
4448116
7625
1801
49422482
253373
780072
72718
9950485879
765160339
0377696
6332
9916
6564
075951
9293
01955593550
7590980
45225197
01926
531790017373
97732
7454
923201
897650373380
881855030668
569721135475
33673475927
013162
209314
86587
547619248
5572593347
0936199
42586420872
2390
29427
37097
949087
06141
242486188368
640631129
210103728
309934
3789852
68909483
8703153
99710
04133017887
98942
294688367414
1959219
488062
8997598
9762048698
670726647
4859
695658146
2004836
33351
497517052
171815
24087
1485
50669
0120402
847879059641
1890902241
0102317
8759995093
3556206082
681928
3395241477
915109579490
971944526
2933414825
1088580
58646
183336431
79589424
9401625
96896220
062381
651836526118
86729505
51528441
746981153
8911
894845627416
90173632824
479889270
2200061305
616451
061336
6153690
35474
88728823
71060786
0794248159
90691
760361
812028732630
7689
2958522042
99306
6617
69619221
99743179
19225930
03222886
114607
829522387868
72339654402
38414245888
12349
27272631
82698
4337544335
04550
2252643552
824922641
85021286578
769867466
08548
47703880
323697802380
607979669
8292577104
924429169
6762
04395660
020368466265
399628354
2655393
645737888369
166622
4936294163
07683
35440
811316434182
5178772168
84403070
24501823630
021727
59432221187
553299
853300
7219839
094281
9875852
4437859571
026339089142
927692608
706352612
37692419
2154592594
415453
83155
95841835675
48796509
71265985
041899926645
7736682
8545930
597590
2126605
14023
902375154410
995799332
181593176021
09543406345
01353152
7925882
484510989
9670600
868215
24130078
0844681
568620322
534303
77997
5108
42275430720
731366236
289364697
0222351756
01967
451096744691
8825102
010911640291
7560782
44968
167400015780
8924254267
33022
255310
178844
323822
6247833
37164
4395
55977021744
60437132
66966028
4685728993
2862766142
112626
3599307214
1350790935
85174
8615897
04973464362
52237436
0646301
4286
6069
3958818783
7388
307101120663
8823563699
0668
69616
2223
174021
3416465354
28402858
79883121
387627
96984172438
008592
6115461595
479797
708478818
18261986
751954
3299647
2938922790
05081624
645781008318
824016987087
6039764
573069044
3669
48128
2535
799492070786
57279
8877
21732510308
1741
97048
4612246345
54215
7789
8172050
7910
6729
2483
09162232
141141
88499
429550
8630
727218750153
5974758
21652
57120330
299480102
306968695
449891601641
539122314569
683244917
4908991
158068749
1970779
262269609
685738
771358
05508976
008695
5328952667
563686305164
721041202008
5188981
9604765776
11575
2156
486103454722
928606125
86952
48717
201930839
83550
1555458766
4509601
76508686939
341900
77622481757
1347562633
5971
58226985
265270
1294
1227861320
0603964483
2554103
5081881
18802947392
660543613
4372034328
832237130
1465626581
2088
6399278320
98078
856095769570
5304362
9839889743
3425918559
138222164340
43199
3168308813
79182119
78807
48523280716
30293956
585674
26808076708
6394843052
289792
140883118540
7917376575
954914151
31546
6962
69874954
35280
1429655684
5114995879
92568
5909
675362902148
2270176
18822847425
88534248745
4200175845
2036782800
6966768
166401986
98442
833688492747
99789
191518921097
0391655480
752348645
0942346
7475545342
827591247
0029110
698764878775
5065656
890608795
25205
02751767
857543
9724861842
70364623659
7221564325
82566
73357988391
394242
6715080
71238873838
76353225
12288261
96642
61434163
618502894733
90097061
71269
8645228
9517
721802960969
874467
25658455
81032343
122251774534
0222288
70195690
8014
82596759
300142099
9383730
3216942895
2197059082
280051
8919
319035
820502315
146967865
22435
686594557
82306
0831
012411011358
14450495
71349143539
68777
2158
543002
6876471
45557
77438314
623539123
291011
850363
8304269
421981
8573
94306933980
526612037408
6469
48504252
501108499
24231
68132107
472655976075
92629219
0595
523001299458
289059053115
20180268591
8952
0394
0810800467
79125360474
95094
92529
76430083178
8873064629
57113
2342
116194082
3026010
163179
32761383
778987356
77081274505
5072
0677039576
42017531919
121162420504
911396
46685292
268394249
5970
800628
406275
646480185
7229010
2133367725
8585
84685
632051155119
4329801943
1343779
539058614
3787875461
8552094
31248438
59016
959425
1942
560766
472078373683
176784
50792320658
683887
144575870
28470748333
2141539942
845728
62187
9630311
4585676458
623807962069
260818
80968278
2856992
960888057727
5975
18680473409
16385
739661486
347732378318
39772
493551
3116621
76514475380
39001
8474307
418042569088
568052166991
512989751775
75121197
956536
58294059
91784
556422724
046191319
198377628
747344632
3430199
8887
63445622
5704279839
9777064
6196859662
945749561
2077716
71330199
33810025
276114625
679061003809
14917
197346835
09565
29875
99932037
3671633
943159874
76454898894
941613927
12558270478
722088473
9632593
13874082642
5624193
3079954
078390
30537
88751
634651
3368
588540
61534513625
4389393630
169126177
44991
29780427430
62595715394
9325435
733239033586
30675582302
46919
9436
653670794087
3492
735959913
123035299
839880867
78987
8477878417
55323317945
170886850
258051391
03004468449
74703591
97439412
19802
2141900633
5837741
243932
561952125
571566033928
9016112280
250510760283
6001
2421
2658267
57030049923
07078338090
96529175
49483869
9755
1165
68120630323
89692163
483095
742424048
8334461041
79506051045
38553
80447
708578026
1690696994
52296
60222485
468832531
24989359
607818361
37930
594738195695
87661509
0810114807
0522076899
154155
8638464
4060104
04196489152
083915
1684
7360610458
996168105133
931085978748
3620725442
914127151236
8078
334157
261081
961683
81118
79474891345
68496762
0802669
01851503741
27920
82658556312
7085234
26343878892
02773
102042049
211453889521
03201633106
785243203
55608
9448
299253
3652570856
243059587
20510988710
99970938
2125235
4600249414
338775146
83776
185180
60989078810
750976804093
11340713
68278
1293
8121996128
3451538459
1332916
3917
849506988710
15279771023
90964635387
55090
08314589
8185925
395229
64380459
43653166
487656775
78577757
737015038
2355
388017
233414
636592
339971263
544599
324625678276
09372992319
2357166331
81098937
6427243165
49789770
434531546
4835970
611937651676
95062
1881789236
6521218732
4801882
9274561824
7615228650
698722288
18387109
3632426029
228351
8416530
8132388
299081757439
75083320969
26197225
11096625117
09334484323
93177
32346
8416735
22679
8245879910
267378426
34087287805
488234819
558550143
7272615992
182514
600393733517
5946873
6780257
168879456827
0746
56965421
607786425163
95601204
64097977143
88803170
381283465
2660
9716038029
1497460
433033732
0371798511
487236
111433394157
56618190
2325653193
16537129
41789361
037451
91515566
608198572
2418969882
9035717002
0401
937779606
5970352952
375304786221
0388
325242511751
295697135
1575193
1959779
67177950
2904
70760
413058481634
82108
91874730
84992
63661093186
3886694
93546178
41695412948
9007
248141660922
0495409300
89748920336
7938519
291928743
346151093389
82576022
062450875768
0669824
585785419
824227361
362104982437
281342463523
616803
7168
30262005688
869976677
1994
879932274
1130022988
07287599
2292
0540
084128
3950839
4467557
708357891
791171645
1573231158
74477116722
32443436462
308313
0553184
98552
373389408054
8033511773
989304
81285322
739497127227
6192341
7002058
35370
31171681105
6889
981253189533
8860067676
858356
03488236
1453
50552983
90740311386
111274935150
732477842281
87838
6918707842
2299
35660745
356355895
84000
723955567110
304080335888
6329815808
430225408
85654264275
52224798
029761705
27659360648
4480420661
552193035261
5255
1841179920
095675817907
0493363130
934576
32495859
05177
978068
065031
17856
39178377873
2877671013
25061398933
557213602543
062394
44659192
08293840
95615903628
829669
41228330981
190113733599
137563489
5051
079206
1524368275
0564
569655878283
380085027
99342019
02325
29679
359348283
669605991
6095246956
48256217627
04360
1821921152
925298270
204323
78648061659
4865907618
79254619
3468
6138124
35823120233
54929
116329756
33871567
9674
989795825443
57549
81388935
3256
593125
03374461
0892
346141
06242066
3805510093
86814
99628450
299434080874
4393465
53144540536
48555
1429
4395099764
1450
32274879
57495302870
140994424464
737095498142
08554556
86809443
50125033575
71613674744
68112504433
08000
606000
662371968199
0149
682262706
861381796945
22707478732
861744951
13417
2707
66132
4545468939
490805
153569162
878994953
575122716231
40110596180
946682
9423420
170844808888
30097268436
146966808
0665395
825272
2594480
067108231
94148788
960895
3267
25620870128
07426587
84223698
17668
842906
9229769151
996055
1077
056566
421915
0563
24959
48926
536913469
3273788
90928145
48316
42120
5804525
6175
905909
75217
275438201
7720
17475505
6136874006
09875313670
108948293
09285
855058649717
9334
043739197027
91635331
2645
87835848240
64081869640
3499703
76568315
74360967
4107077
43240
61831
793227450
63712375931
68487236884
25557
792474
0112035390
6291174
721265918
13305085
875555
90819826
0442
351985
308481624063
9484100
528511
9125262
7824
224770483
76344082
10485864592
9894005839
2043806
9651216074
320668
310714
00440083
56601001644
627307
9318117
27134720272
6478321
4963
8465108379
974046
21616
43997952
119693182083
9764
115770482144
15564400043
701293
41377504576
587188459
7881
559921418
309479168
16426652550
22715043
29481
5653567
18932864393
58328118
4343921
5569100577
6549738
2271266541
993275
47423858
3830
248463596778
400687450
2186024222
382064371116
02085
7753181
3065137
143047744
765223
006662
15871056645
9773
663507472
784770902
3173707857
693095951
93377056247
15437
071268
370379087783
100300016
44996620630
32004539605
776011400482
921618
4215
1639194
4992
773175
6099399986
0614892097
65132
78703463727
46199483
56597976
714211842
736205616
40796169095
135147
62244
76409008
46916
833382865739
8934529357
75103375
054185
984712694
48996163
119788902033
7393282
6282664
864103
249657
36458271
866726961616
81768648
57835
3395849
4127301
923008503840
11796545990
62101202523
34451356
344957
26138870
2015354075
81400326891
92776705
878256583271
28044580
897301077717
2849435
6869712
51659270
44404109456
2686233905
081335
55721806
536960
695216397
0522117
31626
8733
25250636165
67179566
42464
7143624
8436
34998
189504099365
540221937298
306365122
6274680605
480697589562
4694
17775081
85936
26712
17304
400040401
275089811
9421272028
1961026750
128611
68552487
090274
14014770
05473
23047
17658873253
658190
29306357886
196251
4672873
20218
631372750111
8192
0706201
947711
232528607044
11532649
45045652
561133360775
8889
1663125
054272926708
398625973438
78426
90534
702825
5113
960391476
0545
596316901
5739046787
717202
74410
161384038
7221935546
98454057
697792065445
9404
2029975
50687
92722
703827630
44869
765543
6677
50073049308
9367
315388017590
0914477699
02683475
1434839815
09184
162711
4446
4902240804
611988
1923697
770733
1774109650
313992
2999040
4766644137
846073023
15291765
41590
5434
3733
5650
7734291
1672
5333787718
55722827560
34521005977
440409685
768731377678
5852663
6044
50963
26177610757
85818137808
360421
095372
5191175
693708689
736454
7979060
9542
327406227935
1039956817
079094472854
79722883384
0981416556
22409468098
6447307
150812
97694
41299174
21280386896
5826241
4269360170
1904467
889605
06805189686
556940028
942624395998
4389606530
318050
14590688306
746162024
5828696754
7940238
59955171
706228465
8985
439937
31390576
470810
17520895327
12872702
46394
95821245534
9268
96681
129216773858
1048553915
939531
639193
072883686597
89267077
703741791
546687746
740805314
647507
8294051
33029
19661556
616904177
02447490
63566165
02775
942760045
31531202
6981142
399883347
229808
7390
80579036114
339053497
80374465571
73322153937
6083
6597366435
9675667532
4301
1054233480
5769496827
957284
549771451
95390472
2307
5679823036
88661150
369990578871
960312314
6849162254
029547708038
55079206
584668
084994869096
810075
842921
69827009
84727303
041802246
775369350489
30854898054
459145353
5072147
310253988
179550
17858
07788366453
4909040
468274951712
86296646163
9980371
583062736
55582388
20531
358236372812
4596218553
1693893412
678830
93977194124
362740
6002811
678573762
65749866
71715
3733518573
364323167
58744
0138115
109528
2249269512
427899486610
809163568
674485
3385662
57853885800
082015
773275538841
7266
552796304
16215595
011918
0771
389689
709929099393
7291180
257798
0717
77209838463
5395
67446732
18637768661
09728317771
119483628
4437836172
091754864815
75268493
130599
315156642
036669335
122850885
8800250568
82622127
43604854249
2735205
6455
83105
55841353631
06677
75826555
7419
6051944
66899310
0253017
765917636
87098282982
78673152
30812
03536085056
76798805559
42719
1495373
16647
2532
610176387918
84835623806
402777
768405
55305479296
11084773901
35416
1843748
3191109
236578
086843469
6260083
18626741068
1951842
57303298
545251571347
1713
0609
712723923
3471345
19028
9615008890
773018
740021058
66981
298973561
0916
480554691158
2585096589
219389119915
5858402
0625
886945
2284417395
605111062879
11378
740300
179076218
75816275
53225
0084749811
9973541
7594
362490194559
5607195684
362845
02782390
0396
899128555192
595165
434694
3009683192
47003
2478144234
240218
82266324
765672416886
858249
3116
4501
19609
234999844768
671946333896
25230758
2972234209
13432810497
773772
0347484
999971167
37991593685
11771
5747195
5698493
2744275551
577378843
53507671
498948
24026
8655995558
1629927
711096546
20680630
5846
775837
56644888
67120415
484084
1119
32323834995
776514
4920894007
831224
54279230
0504
04903194
770987707625
979169
640422
60204696131
16701764
6448043992
195659237676
06477356663
463482
18903
468605
53774876293
35279
2203398
61014
545331819248
5568
855887660
446039460434
4710933317
00753614
790757
246370900710
44266678
11210323522
9964619219
574853451
42264480542
22212408
277118
67706
7197403740
030576753089
75810898795
9758626477
623695114070
912609658
0216769863
3805
9955120978
2822
68338082522
254652030
19521478136
38430371
166855
560612875666
068348
4725937144
924558
27270
74556
27652956166
349073040
657713
9757322082
88426066
3329
4662
73815
4918288
96589
11973
136733058
3807
8177
621134249
53601390500
828379283317
663459382351
321231027
16478056862
24570665858
265593716215
372825
20964962
89435403908
8610612145
589508817337
27157158997
2858
454078911
9676748225
44861
80348163335
7453
6574
120185026
6065695419
433289788857
969985034376
591953777711
3655185281
894421
780780533
127092492652
52350
19474
12206963
2362700731
03636580
106720
9728202143
5643300532
0603
168547050401
238661925531
521929691
2923205785
92164317
1308
22772176
92038
1202401567
892330303
719278225
910047
82823784
2807
4238278
6888
28361558
987627771
386492787
56479967
295145567
5156442722
659141180
8603428
6114945994
0533243
5690
4422
33316166696
023438538043
24416910
998333956
02353
2713685
868610327588
64192
199056446381
014645594
92616331900
81244
578262
29398
5868027
623680199462
65992029
861527486465
704019212857
70363519
77869598
76932
350514790
56094
40773
018226822
2582
603381
13193471029
344986857
6201
749539624
996688
7652
99817703
4482233647
863851859042
63541388
3022
7459
81289524
438897444363
06881809
28353531619
6065288
493893603
81946862015
34580979
95710
461418161
9979
7744330692
86364
055759
513557
635451349
204808160087
85152027
7359678887
229529
30612676237
54807462082
03773555206
211451038337
575716068
459301938
1033878961
548926155
2191
575040
2054
2034222
993379268
46933312873
06917809
50038703185
8989736
718056
86095721
6702514212
589312962061
1131062
36221
52774889
282501
2078544
0929431
21079980979
7098910
588117762
577620
38937
344630373
463549937825
31270364
56892359
50019
83942978
763742105
7849035938
5118283
50637277
680438057176
475700653
7477560562
234358
40923598
18171
29246254488
5178394890
7784874
118620
77804709539
05713
577439314725
8479752225
7677664
99263030
151316
85572122324
06913176939
3338
51655142
8596
84446
3514482092
7630166
46690824607
098742145980
0792857
24162
706434219614
29535152955
1369525
3222273573
358690075
8605582170
3676
8445
375476344
563631
9175
1188061836
037791
6922913115
88517836
6026690
7880374419
70112
189239674
4901297
50859972
434382491
48552
319549
41725783
6557
50910
484748590333
1966372
16552897172
4550459
42588673
983168307
10992679
2888103
69857262410
618840195302
159618278867
57878025
785911
106931111
6054872452
354070066
910492435
62315126165
22072192
648561
45914407
876731
47411845869
13554
512829
176419378
096164554660
5359819
918254827
12244403
25678785
35889408
923642939381
2618332033
05953881
66011
290068
24678
5953539896
3337556937
3458919
181566109953
8825202
87613263818
31114523
889995362191
8076
77768290
3308417431
82419
168028137378
63993857727
137490499742
24172
0426477094
95194558
75384073558
7466225
585544085
6214
194638298437
4531498
74734912
2297533568
465398559634
43915548
798981248
838589609435
4353622
21066209
31737
04356
454476825074
115352
40781
1620
061678531
634562211802
766742923031
214075
6981657
330980
4286999
6653929
5112
709182
3891399356
857654
169677592142
0993
870249
2817184
480829132040
31373
31358887425
68526
815111665
068031
7937765
624183871
96418
9536
50520
736050641239
5287525
94996142462
77508496
3660059500
62222178
935517544077
71058834970
298032
584969095767
302745784683
68291949
2948734103
2519862
8327004819
0102145
406128941899
4474557
7024519428
05862
25436423
67847042859
8483058
11131090418
0455
10054382
22685129
280676774533
0854639578
43077946042
05427
552744516
2539
06626623
499954938
149244414
41121358
68325
95148598484
358933141
116983
36415
0505
76990151133
39877
7936464691
47377
2251657
5520611713
602913
1976860463
599671292270
090934
248701180366
142088659052
675989877
030831568
958442484
2868412
98897959
74084721
08730078
847596
76327429090
559560874665
34896531801
206711
940314
52658861
518489
1624689
2272
066112097034
9566351
267513064249
553095848128
912789514
37818528697
851410090565
813321
2951976439
9976
973546
0527456
6508
7118569221
0936458
4618722120
610653737
80982841
34858449578
2083946169
959339531567
0764655
915617018
3630
806036019230
07375
739123279
431060481
798778536926
227250664
86284
4600632462
7288052
70882537204
15384
868304933
924291816
4914894700
0687
25363
9380
623221376483
375704908193
458099538
383849394112
53616095
581727231
78700
230033571667
672519842
6559212
76677139
37935
28016705771
77585928
12796
698311034
388814865
2844797
84664090463
9044873
87200690
93240756
24664
805350302732
56925519403
4982501267
12115261557
23642542
0670
94661
537776069000
23668156816
69069267401
6845962510
6121856
386905489424
15778004958
4586013060
5936058
3531
97488
8440635080
39432719
9052825
8203020910
44802522
380915138
9709431272
92550139976
095068265244
7884093720
40412806
208662212853
08118683
116899177811
5782
364558
50789958490
76420
05858723075
16344
63657428
36201097
117254
1212
289265829929
422538271964
53133801509
241486
783780
59370
446229441
6109684595
65258521043
248778
76022112
195069
624110
002607072650
9803868054
2668880728
548165149
318159660
3654
1841591
94971912
0571055525
29251
361564204
783566
6598376203
2771
61884875
5418838846
254164231
9581479740
79277731916
1074910195
5655
798001628470
488534
526848269
394059864
1877671
9241754
53946874
043872
372575992
74945901
5740024
8862
8688145
64258241
90659
480697512
2018500124
3883734898
9134
853438626102
576143978284
4648824246
13342
051599
21358952992
014060027
0433756
587284631
5297673822
90668762451
541130895114
592621
861493725709
1570485
81755
886417641
650428
171307599
8624010472
31275
5100067601
038760
21898
987900673
3696
566600733959
4155123
424725
982872
672426894846
11331446
033201142
877622784
09665830726
2769550
92807
347554275
3812
878964
18862756550
19125
4785029
347820718
5691
7715
75979
3715
14588
0334133157
91264233
75227276895
4838
74576
2713932193
919705892251
752824
9396692090
01159
08199705347
9489914713
09806344
183770
52253752
40429
9765
24139
362482824275
61288603
2539675
87404503
8993607188
928530
2728
402839
212648112331
6783764721
57649224990
7565669
115811
88733
303856
911983443992
3392392513
716669786275
356912755
7799763432
82057217
43977520
39985946173
1365128
9702672274
315672356
6918780
3408831707
7184
924183
2479
572007944
13620194596
1825829475
8315414753
5539577
76836
87571
0684350619
6511
0275
5918
689154
357628342988
15197271805
302411206
875990122
8397
94669429
42318973
20832218850
1165699402
32045
10328886
9409928
7049
03229
7594017
04682
2447
88809
93943
0221584860
250971
4491149328
005042
5883095587
900073
721440
53167
828825425911
92840072
662079
219439182
096157
911490
636781333950
5508352
0026
831388290
698261
9967239
8270364
5305306
667327741
820315
728181
8035523
212897
281210
534807
48044450589
34946406769
6527352
77431
70253027
85015096868
6771808162
83258
45464728355
329334431
227697553649
69072150
279859
4087
6140
150245
79677
474843
401284
64390
713616
12174893043
1591185223
222053698452
926453155039
431072149561
2563762957
6583
706577
7895774
397561668913
28670
36226
76858241998
43044719
69411
511876129
94880666
39454393
6227
18658145
95192391
893495421174
4183
197118991969
9971
4101
181539
43916912373
2461
2832307
1255922187
1276
100081937
23516
26262256484
2340297
42800736
7552984578
0029564024
9240156453
127428592722
87608
216892
44649900
347955
75377281223
14067
980355
475718837
59161
64319913
1131409
147749263777
398646
54915
40406
67533
3766946
51915
554127020691
9048836308
30821794
42877
256271599777
55093363
1998860
31956996559
6455650669
38217436
95445
2343718
1370378
57080124549
50269346285
2977421
28725458
58221368802
8305560415
732821465290
30177361650
0556
8547
5329097
739364
95612822
089223257
4777622719
446260247504
6580531705
638338
3249
084735825375
1696468786
07219791
88125951
004010
940598465398
80405
328666568
16569
435265
3208
898992703468
1675156
603966
07711507323
8428
573861
8946588811
1741563
086534750236
5668725732
6502697759
860740566
2277
8845581
9550895
8939
525757073
9858792182
539270856065
458065
8561
10889
488447625
740243450742
4469471788
7717407
160460126320
008323
42007435
876036903
05338449
25569113557
090695657
8139506
8898334
10424
449626255
0608
127147800
9566
3487958647
9908976
150667289357
00399300
187956
818390754920
59349082939
028637588
46524937
08870
438571949
53794652379
902505660
3032
57662
02772482
0055717646
19168
9919295738
50770
77420
9174299
79141830
82025
04487733928
465329
33091
182483
29271
018811290
791762949
7601
55288506
052271
00881424950
94670423
6470931359
636280082
75213780
379191053
5376605
562936
700712
34187
79719905356
2760863509
7866340095
600290932
387129
328040848
4045729
76763123
6869328762
78725
63446117
01881
303145
9889
302032
5298327
4620401166
697214274
566516645
56803
0698832
319923986131
2975521110
9786
427096818725
145019778843
5518
764576213927
2821
105243713735
58100220
1045026
834343
651816184422
83264149726
08815448
4893227096
2161
8627824
61714
185342
154992
006588
393689
5132615
60410421789
5061352940
2254495
915674551
307998568025
84839
97773035
03416539
790925741149
37266
6782
7558625
394195
98468
088717958577
198623
07496003542
8614
271823
8546
8611380772
87194311927
116303
45186659
8219306
00784047
7374579
1548639
70849
624442
91428601
285988632934
891168051
620352
73761
2584908
9176886
540237356616
254163688036
65417056481
80228
783684603954
268052116
04778485062
89227562
38830
0632083
64147176381
1169355
80155
673893276005
664927
73896
1518991575
2623505643
76722
7769500
48264
424499304
644001351
6220858
782255
723289
430360441334
852959
1024
19663804516
2222
045740788
71154
26251033646
8739190
5693285
719369
901366
8768863600
212901715
3377540
78009
6736399560
33622179851
9828692
0966
2600504684
13327747865
37961695
5438907
45375445
119126290
0523
03919123
8438
787328
5449018
37489515
2115567
625897
8066513964
8736664
554076695
3600771
016270092754
827667294200
563150811141
88087251
466505675
98848817822
9518
0003948031
2188824
26871
3637702
833940145428
14280524265
5893785
5499
42554936
2963
19961528
79773603
5765797773
9830232
17934
566273
09237
1743
4404990
617616254078
773307544523
58619880410
9007304
3708
3984762
86574987915
7244639
2851485545
3975359584
3227863
04333533540
994481632
8687837089
0097536559
514452263
6923
5514
471801
63538646813
69111738
63511573
5567
65180645
932006049622
606886423
38175
302020127710
93608975874
284663
539011750163
4683
41388
3695144889
7288596405
36484832
849410410
25640969
876037
3955728169
902765417
947276313696
230669
8822889574
809813
93505
61900903219
723045649
093499319
04078
2963116758
2637
2579353384
64142
1244549414
0496273707
283764159871
046299908167
44056227
0349049
541345
7416
12002
13892
57962174602
73743
7608
220381
8740333
3752819546
42456218543
2706028283
8256
183642
2545
1510
4186865
683277927929
03047
882574786
232672009
9703427
174105581178
26597759571
27480945623
13110952
4048009
358827813229
83358
7350599060
142631622844
772231
7301
37070679885
56751290871
402616
802314
831210
157029414593
76247882353
712687421
432322863
61462
580293
66657967
85900558428
141239444295
081374346
0144803
45707
7032958
821116136
78122318480
8634958982
33143
495370699673
87196723002
79323
21690790
53510
854013109
43292964
195870959017
0925
9936
036453217
104181099
0449179
422892352
3808421253
033236541787
089717664
149992770437
5556385
279131510
220480
82364909
790354183008
058554
56462815
4585
49715975160
9347532033
256438710
2751494
852384979527
364010374312
656694
1662
9161825144
78714
66413693945
15091487
799182339825
7784040
89418037
078704213668
22858510
471494396
737264
505686381
4792
8849431
846325022
774730027
372013
049870522711
863689338223
782319179306
25801144190
6100584
9594919
07995963719
10284232642
19353156
2176829239
90745
77925
5621758445
0539711780
47747448189
8717
08914
667845790795
594583161
54476
2986373398
029643
84783
5989232
2904815
27448
6414093
08790156
278198467300
964710
59528260471
765157141
2033597476
5789
21206337
586251431809
9392536378
84848
79231122
5012967
9161
938676361073
0231921
5621
0382909017
9879146
29766195154
4620
93114695
93343708
58949
61065113
28824840
71243
0052525
5604853
0001984325
74523123965
02987946107
95609679
81805282465
9799322632
9944316
06909859
0097354033
59141776288
5151162052
89140
6488155
58461065829
218595122
96789
866056096265
485684730973
37918
55295
77259525
556970
21828874
90192
0619614
83597674621
097229
72737163
7679535704
297347
7699236
822607039
17585
08814149728
700734533054
4372121366
517310048061
76807
8338046760
018605562499
518388755566
59406377651
7674
3692257
7078193
3047256
99634
0226602
18241742
90357559
2068788
4596
79196493
04720
3113382330
4425854418
4478891
791980442
45228795
689776959774
69135468
672667
345960199038
296534
672060
19488
05119653
64236746769
469655088230
3984724
2001441
07499
875050819
7742844753
106600645740
8352
45336336
77770
1557152
050192806994
10390
6101601
1009
7093329
87954
5907751
348292717
15719
7864909857
4279
82148410
5541892702
9826958643
22014866155
683492750119
5550537
149252654701
629931
055483225908
63030
060761971568
674700724730
30551665
8335705
19888715
926212992
25242
852686830211
119113
20614729288
76129
3783
57077717
85027809726
5558508343
384816468097
05253118
8234968
7471243750
52606528
045083
75884
67097547606
198423598
58036340776
990374331
78503928
85640
7062
83333103
1694335927
067294265673
82501541
037548677
6223
033852903135
67293
2796393795
46347685217
3083
424405782
676305
58922771
6670530
02161606
4840712
51966287711
40694033295
168614232
4579277629
485634137
33266574
6010122
5385692
8828767564
029321
1606923281
84731
63365
8779
79145739193
1747936
57287501
6398773709
82085449853
39326056
165026525331
5183022638
9652521
929440004
998582
643498693
94340
343964003289
71139045394
6445959268
499671974
66571
292428
4415657
15111706
47479197378
190074095
2759
88253697
2742
5033
29713
514725
3286
407948224
0402
893910575
86438
42351
363199
420868320
0117732
02015
3567
354922066
06162
23505825080
7423338
0994298037
3002
16307506817
8516012
398616044
36319444513
46440717
5545
92699
2690759
5406286
35092
95466216440
1479201
3009575
362663118
84800311
29351167
0293599096
23252803
06050479
2162265082
28052034425
5883866906
41647782457
3316520
2180
990628092105
5148503
7268011606
56175
5947
82751549816
70765
489002318176
8593
9222803
689583385238
926229008
2863207
36154
4667556316
514302574
146921971
0274
681025
6942952858
9579
320070309910
99980651
1839659930
505031371561
859303314
0400
37299
5847872
737930991342
06701
347542
7859248
09644
60439405019
645014
01316
91656822015
9313019
79261729295
502255739
7832
8733098880
1892793
50702155767
446233
093399597
55390772175
3234
176063065702
00491469
460029751
9662508
2035321111
09107622
505604508815
61397514
6748660578
08908386565
6122693
61101761
58081953198
738945
0935967204
71196480
823851
33157
53831
4361151
284072913307
04895
32418188695
65602
7492
33005313
4140687
19052113
59584230
71490331529
43558
244677
335572747
17761169675
9312589712
95697574
8615437
4145
8148
63836769531
179781723
3947571
706492
669995
1139018
285268189
05550103903
10042
7617659081
669882250
8610
323477796776
8576
55444821077
45120833696
185535863734
653502
01734120740
507280845
6058555
5973956
7366
67855402
605890
108402
743595035684
97836
47904534
383365
385241
741978
137364219
1856066369
184582297601
81716442
928846343867
3626
45245
3886618
17940036895
57950658061
27413435
8340969131
708267173004
323213
485123
018947
80003653
0043
2691
8129
8086498274
45236581
51932
9011
082418
122193042278
14823959320
772853
3411690
052915
961751
9693370
92233073876
32617082473
763999
29241
240050
5993213778
9491
89600
0073692160
39218079
2027
4733777
496278300
71640
67208
9589
220177154226
479923090607
124299129
467881814997
63092
624873731850
15874
44049
6349
43511230771
311264
22044857728
33091321
26486784
35400
9438
341351
2130385
9813036
5599837736
78073474
43701046737
191432
25964984
226081462728
2047115732
9641231776
98246
770230972
0580333601
501738741
3822193399
0405
6636036
9973676583
01157104568
11266
6696301
4871944555
068274313594
3407641597
912406088
31011619
35754222
547212
5825192
306622
4644
1193623
156679243
1183298
82362735970
484305734748
41906
983444333
08781
482086315
428212
52822496437
36425
491370710122
1673380
61697212
989213597
51706
04083978
615953
21437
7357643582
959312184623
12901973
119424613
3346808347
007793
41503694
69209
98328151706
28282312307
9624112
190535*
r10*
